# Dataset: Exp1_P-IA@5
# l baseline MMR MaxSum MaxMin MonoObjective LexRank BiasedLexRank DivRank GrassHopper
0.1 0.269204 0.269481 0.269204 0.269204 0.268651 0.255502 0.255640 0.263391 0.258408
0.2 0.269204 0.269896 0.266851 0.267405 0.269896 0.255502 0.255640 0.258131 0.257439
0.3 0.269204 0.266851 0.263668 0.267682 0.269204 0.255502 0.256471 0.262422 0.256886
0.4 0.269204 0.264221 0.263668 0.267128 0.267820 0.255502 0.256194 0.263529 0.256332
0.5 0.269204 0.260900 0.257855 0.265329 0.267820 0.255502 0.256194 0.264221 0.255779
0.6 0.269204 0.260761 0.257855 0.263668 0.265052 0.255502 0.256886 0.261869 0.255087
0.7 0.269204 0.262561 0.259377 0.264637 0.264083 0.255502 0.257578 0.258408 0.254533
0.8 0.269204 0.262422 0.257163 0.264083 0.263114 0.255502 0.257578 0.263668 0.254394
0.9 0.269204 0.259792 0.253702 0.263668 0.262561 0.255502 0.257716 0.264221 0.254948
