# Dataset: Exp1_alpha-nDCG@30
# l baseline MMR MaxSum MaxMin MonoObjective LexRank BiasedLexRank DivRank GrassHopper
0.1 0.629186 0.667616 0.654050 0.663297 0.644995 0.515380 0.516011 0.654290 0.538926
0.2 0.629186 0.684530 0.663736 0.677070 0.655025 0.515380 0.517276 0.648394 0.541928
0.3 0.629186 0.691186 0.670814 0.684004 0.662136 0.515380 0.518999 0.656644 0.542972
0.4 0.629186 0.695987 0.679794 0.687888 0.667094 0.515380 0.519936 0.654091 0.543212
0.5 0.629186 0.699117 0.681219 0.691327 0.669258 0.515380 0.520449 0.654189 0.542299
0.6 0.629186 0.702125 0.686127 0.693881 0.669879 0.515380 0.521721 0.653141 0.539432
0.7 0.629186 0.702646 0.688569 0.694139 0.671950 0.515380 0.522918 0.644666 0.535888
0.8 0.629186 0.702371 0.688876 0.695699 0.673486 0.515380 0.524697 0.651579 0.531976
0.9 0.629186 0.701823 0.688416 0.697087 0.673437 0.515380 0.525370 0.651436 0.526406
