# Dataset: Exp1_nERR-IA@5
# l baseline MMR MaxSum MaxMin MonoObjective LexRank BiasedLexRank DivRank GrassHopper
0.1 0.492543 0.504068 0.502197 0.502923 0.491935 0.416034 0.416333 0.503389 0.435905
0.2 0.492543 0.516668 0.508006 0.511256 0.494716 0.416034 0.417644 0.492617 0.438391
0.3 0.492543 0.524218 0.510907 0.516983 0.498764 0.416034 0.420069 0.511020 0.439480
0.4 0.492543 0.529059 0.521406 0.520558 0.502545 0.416034 0.420781 0.496869 0.438939
0.5 0.492543 0.532879 0.517294 0.523277 0.502419 0.416034 0.420927 0.504477 0.437135
0.6 0.492543 0.537734 0.524954 0.526653 0.500473 0.416034 0.423041 0.498569 0.434636
0.7 0.492543 0.539256 0.527604 0.528322 0.502762 0.416034 0.424227 0.493289 0.429520
0.8 0.492543 0.539749 0.524819 0.529070 0.503979 0.416034 0.426073 0.499533 0.424851
0.9 0.492543 0.538068 0.518848 0.531094 0.503728 0.416034 0.426208 0.500068 0.419337
