# Dataset: Exp1_P-IA@30
# l baseline MMR MaxSum MaxMin MonoObjective LexRank BiasedLexRank DivRank GrassHopper
0.1 0.265744 0.267612 0.264983 0.268166 0.266597 0.259100 0.259146 0.265490 0.261130
0.2 0.265744 0.267474 0.263668 0.268420 0.265790 0.259100 0.259469 0.263783 0.261084
0.3 0.265744 0.267935 0.262907 0.268143 0.265767 0.259100 0.259539 0.263968 0.260830
0.4 0.265744 0.267220 0.263160 0.267982 0.265928 0.259100 0.259654 0.263760 0.260923
0.5 0.265744 0.267266 0.262491 0.267705 0.265744 0.259100 0.259723 0.265213 0.260969
0.6 0.265744 0.266782 0.261430 0.267612 0.265490 0.259100 0.259815 0.261130 0.260738
0.7 0.265744 0.267105 0.260784 0.267566 0.265306 0.259100 0.260046 0.259700 0.260784
0.8 0.265744 0.267174 0.260761 0.267151 0.264729 0.259100 0.259977 0.265213 0.260854
0.9 0.265744 0.267036 0.261084 0.267820 0.264775 0.259100 0.260092 0.265260 0.260715
