# Dataset: Exp1_alpha-nDCG@10
# l baseline MMR MaxSum MaxMin MonoObjective LexRank BiasedLexRank DivRank GrassHopper
0.1 0.549801 0.578542 0.569894 0.574855 0.558406 0.435685 0.437285 0.577728 0.461091
0.2 0.549801 0.601531 0.583784 0.592875 0.565817 0.435685 0.438696 0.570537 0.464698
0.3 0.549801 0.614204 0.591102 0.602199 0.573116 0.435685 0.441350 0.577745 0.466719
0.4 0.549801 0.622590 0.599586 0.607263 0.580159 0.435685 0.441468 0.571252 0.467349
0.5 0.549801 0.627832 0.605227 0.613048 0.581565 0.435685 0.442875 0.580895 0.465393
0.6 0.549801 0.631482 0.610315 0.617639 0.582365 0.435685 0.444158 0.570963 0.461880
0.7 0.549801 0.633334 0.613378 0.619116 0.585879 0.435685 0.445554 0.565276 0.456646
0.8 0.549801 0.631174 0.613972 0.622763 0.587982 0.435685 0.447927 0.573444 0.451519
0.9 0.549801 0.630633 0.613617 0.624359 0.589399 0.435685 0.448625 0.572117 0.443773
