# Dataset: Exp1_P-IA@10
# l baseline MMR MaxSum MaxMin MonoObjective LexRank BiasedLexRank DivRank GrassHopper
0.1 0.267197 0.267889 0.265882 0.268512 0.267336 0.254948 0.255709 0.266436 0.257647
0.2 0.267197 0.266574 0.263668 0.269343 0.268097 0.254948 0.255917 0.259516 0.257439
0.3 0.267197 0.265952 0.263183 0.267889 0.267336 0.254948 0.256540 0.261176 0.257024
0.4 0.267197 0.265606 0.261453 0.266298 0.266367 0.254948 0.256471 0.265398 0.256817
0.5 0.267197 0.264706 0.261522 0.266644 0.265052 0.254948 0.256955 0.265121 0.256540
0.6 0.267197 0.264429 0.259585 0.265882 0.264083 0.254948 0.256955 0.261107 0.255779
0.7 0.267197 0.265121 0.259654 0.265467 0.262353 0.254948 0.257024 0.259862 0.255779
0.8 0.267197 0.263460 0.257993 0.265675 0.262076 0.254948 0.257370 0.265467 0.255709
0.9 0.267197 0.263529 0.257301 0.265190 0.261522 0.254948 0.257578 0.265329 0.256194
