# Dataset: Exp1_nERR-IA@30
# l baseline MMR MaxSum MaxMin MonoObjective LexRank BiasedLexRank DivRank GrassHopper
0.1 0.539523 0.561974 0.554883 0.558902 0.544985 0.449065 0.449765 0.556743 0.470483
0.2 0.539523 0.576032 0.561334 0.568723 0.550156 0.449065 0.450886 0.547494 0.472886
0.3 0.539523 0.582761 0.566553 0.574759 0.555798 0.449065 0.453168 0.561637 0.473827
0.4 0.539523 0.588123 0.575926 0.577836 0.560528 0.449065 0.454062 0.551779 0.473573
0.5 0.539523 0.591784 0.574442 0.581437 0.560524 0.449065 0.454684 0.555794 0.472024
0.6 0.539523 0.595280 0.580866 0.585180 0.559844 0.449065 0.456383 0.550753 0.469336
0.7 0.539523 0.595383 0.583090 0.585843 0.562589 0.449065 0.457419 0.544657 0.465320
0.8 0.539523 0.595156 0.581699 0.587189 0.563640 0.449065 0.459616 0.553323 0.460815
0.9 0.539523 0.594632 0.579190 0.588893 0.563488 0.449065 0.460362 0.552483 0.455237
