# Dataset: Exp1_alpha-nDCG@5
# l baseline MMR MaxSum MaxMin MonoObjective LexRank BiasedLexRank DivRank GrassHopper
0.1 0.504410 0.518675 0.516979 0.518764 0.505200 0.415206 0.415461 0.519299 0.436843
0.2 0.504410 0.535552 0.527733 0.530894 0.510179 0.415206 0.417172 0.510185 0.440340
0.3 0.504410 0.547039 0.530767 0.539357 0.515004 0.415206 0.419416 0.526267 0.442106
0.4 0.504410 0.552653 0.542536 0.544715 0.518607 0.415206 0.420207 0.514044 0.442053
0.5 0.504410 0.556997 0.539683 0.547658 0.520776 0.415206 0.420324 0.525412 0.440225
0.6 0.504410 0.562843 0.548204 0.550130 0.519607 0.415206 0.422481 0.518454 0.437364
0.7 0.504410 0.566205 0.551573 0.553590 0.521461 0.415206 0.423943 0.512272 0.431167
0.8 0.504410 0.567590 0.549371 0.554740 0.523352 0.415206 0.425198 0.515501 0.426178
0.9 0.504410 0.564717 0.542859 0.557004 0.523755 0.415206 0.424963 0.517654 0.419867
