# Dataset: Exp1_strec@5
# l baseline MMR MaxSum MaxMin MonoObjective LexRank BiasedLexRank DivRank GrassHopper
0.1 0.582699 0.614533 0.608304 0.617301 0.588927 0.422837 0.422837 0.620069 0.456747
0.2 0.582699 0.654671 0.642215 0.653287 0.603460 0.422837 0.427682 0.621453 0.465744
0.3 0.582699 0.695502 0.651211 0.677509 0.615917 0.422837 0.429758 0.640138 0.471280
0.4 0.582699 0.709343 0.674048 0.696194 0.620761 0.422837 0.429758 0.611073 0.474048
0.5 0.582699 0.721799 0.682353 0.702422 0.631834 0.422837 0.429066 0.645675 0.471280
0.6 0.582699 0.736332 0.702422 0.703806 0.632526 0.422837 0.433218 0.640138 0.465744
0.7 0.582699 0.746713 0.707266 0.709343 0.635294 0.422837 0.435294 0.635294 0.453287
0.8 0.582699 0.750173 0.709343 0.715571 0.644291 0.422837 0.434602 0.608997 0.445675
0.9 0.582699 0.743945 0.699654 0.721107 0.647059 0.422837 0.432526 0.618685 0.433218
