# Dataset: Exp1_strec@30
# l baseline MMR MaxSum MaxMin MonoObjective LexRank BiasedLexRank DivRank GrassHopper
0.1 0.901038 0.954325 0.929412 0.948097 0.927336 0.764706 0.765398 0.938408 0.793080
0.2 0.901038 0.969550 0.939792 0.964014 0.939792 0.764706 0.766782 0.943945 0.796540
0.3 0.901038 0.968166 0.946021 0.967474 0.948097 0.764706 0.767474 0.935640 0.796540
0.4 0.901038 0.969550 0.952249 0.972318 0.954325 0.764706 0.768166 0.943945 0.797924
0.5 0.901038 0.973702 0.957093 0.973702 0.957093 0.764706 0.767474 0.928028 0.798616
0.6 0.901038 0.974394 0.955709 0.972318 0.960554 0.764706 0.767474 0.946713 0.795848
0.7 0.901038 0.974394 0.954325 0.970242 0.959862 0.764706 0.768858 0.939100 0.794464
0.8 0.901038 0.973702 0.957093 0.971626 0.962630 0.764706 0.770934 0.928028 0.793080
0.9 0.901038 0.973702 0.962630 0.971626 0.961938 0.764706 0.770242 0.930796 0.788235
