# Dataset: Exp1_strec@10
# l baseline MMR MaxSum MaxMin MonoObjective LexRank BiasedLexRank DivRank GrassHopper
0.1 0.725952 0.787543 0.762630 0.782007 0.754325 0.532872 0.537024 0.783391 0.575779
0.2 0.725952 0.838754 0.799308 0.818685 0.765398 0.532872 0.539100 0.801384 0.579931
0.3 0.725952 0.858131 0.811073 0.833910 0.777855 0.532872 0.543253 0.787543 0.584775
0.4 0.725952 0.872664 0.818685 0.842215 0.790311 0.532872 0.541176 0.779239 0.589619
0.5 0.725952 0.884429 0.838062 0.855363 0.796540 0.532872 0.544637 0.799308 0.586851
0.6 0.725952 0.887197 0.842215 0.860208 0.801384 0.532872 0.544637 0.793772 0.580623
0.7 0.725952 0.889273 0.844983 0.862284 0.808304 0.532872 0.546713 0.788927 0.570242
0.8 0.725952 0.880969 0.851211 0.870588 0.811765 0.532872 0.548789 0.780623 0.564706
0.9 0.725952 0.881661 0.855363 0.872664 0.816609 0.532872 0.550173 0.778547 0.549481
