# Dataset: Exp1_P-IA@20
# l baseline MMR MaxSum MaxMin MonoObjective LexRank BiasedLexRank DivRank GrassHopper
0.1 0.265606 0.267924 0.265398 0.268616 0.266540 0.258131 0.258131 0.266194 0.260761
0.2 0.265606 0.266644 0.264533 0.268478 0.266990 0.258131 0.258754 0.263772 0.260311
0.3 0.265606 0.266609 0.263945 0.267578 0.266125 0.258131 0.259100 0.262318 0.260104
0.4 0.265606 0.267785 0.263045 0.267889 0.265917 0.258131 0.259239 0.265225 0.260069
0.5 0.265606 0.266955 0.261661 0.267336 0.265571 0.258131 0.259343 0.266367 0.259965
0.6 0.265606 0.266055 0.260623 0.266367 0.265260 0.258131 0.259585 0.260727 0.259689
0.7 0.265606 0.266540 0.260588 0.267128 0.264567 0.258131 0.259792 0.259446 0.259689
0.8 0.265606 0.266263 0.260104 0.266090 0.264360 0.258131 0.259827 0.265329 0.260035
0.9 0.265606 0.265882 0.259723 0.266505 0.264048 0.258131 0.259965 0.265329 0.260138
