# Dataset: Exp1_strec@20
# l baseline MMR MaxSum MaxMin MonoObjective LexRank BiasedLexRank DivRank GrassHopper
0.1 0.846367 0.913495 0.885121 0.898962 0.874048 0.671280 0.673356 0.897578 0.705882
0.2 0.846367 0.932180 0.901730 0.924567 0.894118 0.671280 0.676125 0.912111 0.710035
0.3 0.846367 0.943945 0.909343 0.934256 0.905882 0.671280 0.675433 0.888581 0.712111
0.4 0.846367 0.948097 0.918339 0.940484 0.911419 0.671280 0.676817 0.904498 0.714187
0.5 0.846367 0.949481 0.921107 0.943253 0.918339 0.671280 0.678201 0.897578 0.712803
0.6 0.846367 0.951557 0.925952 0.946713 0.921799 0.671280 0.681661 0.901730 0.710727
0.7 0.846367 0.951557 0.928028 0.948097 0.919031 0.671280 0.683737 0.886505 0.703806
0.8 0.846367 0.951557 0.934256 0.950865 0.923183 0.671280 0.685813 0.897578 0.696886
0.9 0.846367 0.952941 0.941869 0.949481 0.925952 0.671280 0.687197 0.896886 0.685121
