# Dataset: Exp1_nERR-IA@10
# l baseline MMR MaxSum MaxMin MonoObjective LexRank BiasedLexRank DivRank GrassHopper
0.1 0.515291 0.534140 0.528964 0.531338 0.518423 0.425777 0.426798 0.532939 0.447573
0.2 0.515291 0.549896 0.536557 0.542464 0.522574 0.425777 0.427952 0.523340 0.450204
0.3 0.515291 0.558358 0.541603 0.548958 0.528007 0.425777 0.430522 0.537115 0.451445
0.4 0.515291 0.564703 0.550474 0.552364 0.533378 0.425777 0.431041 0.525956 0.451330
0.5 0.515291 0.569088 0.550565 0.556657 0.533079 0.425777 0.431932 0.532885 0.449441
0.6 0.515291 0.572857 0.556635 0.561034 0.532285 0.425777 0.433570 0.525534 0.446547
0.7 0.515291 0.573431 0.558950 0.561915 0.535549 0.425777 0.434661 0.520130 0.441998
0.8 0.515291 0.572324 0.557720 0.564019 0.536866 0.425777 0.437064 0.528859 0.437196
0.9 0.515291 0.571766 0.555050 0.565690 0.537140 0.425777 0.437726 0.527535 0.430929
