# Dataset: Exp1_alpha-nDCG@20
# l baseline MMR MaxSum MaxMin MonoObjective LexRank BiasedLexRank DivRank GrassHopper
0.1 0.602792 0.642024 0.627597 0.636539 0.616003 0.482261 0.483308 0.630433 0.506897
0.2 0.602792 0.660746 0.639690 0.652440 0.628399 0.482261 0.485012 0.623942 0.509856
0.3 0.602792 0.670219 0.647282 0.661033 0.636078 0.482261 0.486699 0.631669 0.511275
0.4 0.602792 0.677036 0.658027 0.665851 0.642212 0.482261 0.487884 0.629965 0.511658
0.5 0.602792 0.679640 0.658983 0.670124 0.644613 0.482261 0.488677 0.632749 0.510258
0.6 0.602792 0.682537 0.665552 0.673306 0.645360 0.482261 0.490478 0.625178 0.507733
0.7 0.602792 0.682892 0.669049 0.674871 0.647296 0.482261 0.491727 0.617098 0.503428
0.8 0.602792 0.683358 0.670006 0.676708 0.649345 0.482261 0.493740 0.630177 0.498614
0.9 0.602792 0.683399 0.669889 0.678065 0.650234 0.482261 0.494814 0.629443 0.491460
