# Dataset: Exp1_nERR-IA@20
# l baseline MMR MaxSum MaxMin MonoObjective LexRank BiasedLexRank DivRank GrassHopper
0.1 0.533310 0.555915 0.548639 0.552572 0.538159 0.441307 0.442096 0.551109 0.462968
0.2 0.533310 0.570374 0.555667 0.562891 0.543885 0.441307 0.443324 0.541778 0.465364
0.3 0.533310 0.577777 0.561003 0.569298 0.549665 0.441307 0.445577 0.555742 0.466383
0.4 0.533310 0.583633 0.570774 0.572609 0.554647 0.441307 0.446534 0.546072 0.466177
0.5 0.533310 0.587155 0.569180 0.576378 0.554720 0.441307 0.447212 0.550752 0.464516
0.6 0.533310 0.590633 0.575966 0.580284 0.554030 0.441307 0.449042 0.544131 0.461913
0.7 0.533310 0.590676 0.578438 0.581238 0.556725 0.441307 0.450092 0.538142 0.457724
0.8 0.533310 0.590634 0.577192 0.582700 0.557950 0.441307 0.452352 0.548306 0.453013
0.9 0.533310 0.590249 0.574751 0.584372 0.558027 0.441307 0.453188 0.547306 0.447035
